((1, 0, 0, 0, 0, 1, 1), [(0, 1)])
((1, 1, 1, 1, 0, 0, 0), [(1, 79028), (308, 24340095), (339, 26789905), (646, 51050972), (677, 53500782)])
((0, 0, 0, 0, 3, 3, 3), [(2, 158041), (340, 26868918), (678, 53579795)])
((7, 7, 0, 0, 0, 0, 14), [(3, 237082), (295, 23312745), (341, 26947959), (633, 50023622), (679, 53658836)])
((0, 0, 0, 0, 4, 1, 1), [(4, 316099), (342, 27026976)])
((4, 4, 4, 0, 0, 0, 0), [(5, 395130), (343, 27106007)])
((16, 3, 3, 3, 3, 0, 0), [(6, 474146), (344, 27185023)])
((3, 3, 3, 3, 0, 0, 13), [(7, 553192), (345, 27264069)])
((0, 0, 0, 0, 5, 3, 38), [(8, 632215), (346, 27343092)])
((25, 0, 0, 3, 3, 3, 3), [(9, 711224), (347, 27422101)])
((9, 9, 0, 0, 0, 0, 78), [(10, 790264), (348, 27501141)])
((5, 5, 0, 0, 0, 0, 6), [(11, 869289), (213, 16832581), (349, 27580166), (551, 43543458)])
((7, 6, 0, 0, 0, 0, 7), [(12, 948309), (350, 27659186)])
((3, 3, 5, 0, 0, 0, 0), [(13, 1027327), (351, 27738204)])
((0, 1, 1, 1, 1, 9, 45), [(14, 1106375), (352, 27817252)])
((8, 5, 5, 0, 0, 0, 0), [(15, 1185400), (353, 27896277)])
((0, 0, 0, 0, 4, 5, 18), [(16, 1264410), (354, 27975287)])
((5, 5, 0, 0, 0, 0, 31), [(17, 1343440), (355, 28054317)])
((5, 5, 0, 0, 0, 0, 8), [(18, 1422467), (63, 4978652), (65, 5136709), (356, 28133344), (401, 31689529), (403, 31847586)])
((5, 5, 0, 0, 0, 0, 12), [(19, 1501497), (184, 14540834), (357, 28212374), (522, 41251711)])
((10, 10, 6, 0, 0, 0, 0), [(20, 1580512), (358, 28291389)])
((34, 19, 0, 0, 0, 0, 11), [(21, 1659551), (359, 28370428)])
((0, 0, 0, 0, 9, 2, 2), [(22, 1738581), (360, 28449458)])
((22, 13, 0, 0, 0, 0, 7), [(23, 1817597), (361, 28528474)])
((14, 1, 0, 0, 0, 0, 7), [(24, 1896620), (362, 28607497)])
((7, 7, 0, 0, 0, 0, 4), [(25, 1975655), (224, 17701873), (363, 28686532), (562, 44412750)])
((11, 11, 0, 0, 0, 0, 3), [(26, 2054677), (364, 28765554)])
((7, 0, 0, 0, 0, 11, 30), [(27, 2133698), (365, 28844575)])
((4, 8, 8, 0, 0, 0, 0), [(28, 2212738), (366, 28923615)])
((10, 8, 0, 0, 0, 0, 8), [(29, 2291761), (367, 29002638)])
((14, 13, 1, 1, 1, 1, 0), [(30, 2370777), (368, 29081654)])
((5, 0, 0, 0, 0, 8, 4), [(31, 2449801), (369, 29160678)])
((15, 19, 0, 0, 0, 0, 11), [(32, 2528841), (370, 29239718)])
((0, 0, 0, 0, 3, 14, 15), [(33, 2607861), (371, 29318738)])
((4, 0, 0, 0, 0, 1, 18), [(34, 2686880), (372, 29397757)])
((0, 0, 0, 0, 7, 9, 13), [(35, 2765923), (373, 29476800)])
((10, 10, 1, 0, 0, 0, 0), [(36, 2844946), (68, 5373772), (374, 29555823), (406, 32084649)])
((0, 0, 0, 0, 7, 7, 39), [(37, 2923963), (375, 29634840)])
((7, 5, 1, 0, 0, 0, 0), [(38, 3002983), (376, 29713860)])
((7, 7, 7, 7, 0, 0, 37), [(39, 3082034), (377, 29792911)])
((3, 2, 3, 0, 0, 0, 0), [(40, 3161043), (378, 29871920)])
((3, 3, 0, 0, 0, 0, 3), [(41, 3240063), (379, 29950940)])
((43, 9, 5, 0, 0, 0, 0), [(42, 3319111), (380, 30029988)])
((18, 5, 0, 0, 0, 0, 10), [(43, 3398127), (381, 30109004)])
((8, 0, 0, 0, 0, 21, 21), [(44, 3477146), (382, 30188023)])
((6, 0, 0, 0, 0, 0, 0), [(45, 3556169), (383, 30267046)])
((23, 0, 0, 0, 0, 1, 10), [(46, 3635212), (384, 30346089)])
((1, 1, 1, 1, 0, 0, 3), [(47, 3714222), (385, 30425099)])
((9, 0, 0, 0, 0, 1, 2), [(48, 3793250), (386, 30504127)])
((3, 3, 0, 0, 0, 0, 34), [(49, 3872283), (387, 30583160)])
((5, 5, 0, 0, 0, 0, 28), [(50, 3951307), (388, 30662184)])
((20, 20, 3, 3, 3, 3, 0), [(51, 4030340), (389, 30741217)])
((5, 5, 0, 0, 0, 0, 4), [(52, 4109360), (390, 30820237)])
((0, 0, 0, 0, 3, 1, 12), [(53, 4188392), (391, 30899269)])
((16, 1, 1, 0, 0, 0, 0), [(54, 4267405), (392, 30978282)])
((20, 3, 0, 0, 0, 0, 6), [(55, 4346442), (393, 31057319)])
((15, 1, 0, 0, 0, 0, 1), [(56, 4425464), (394, 31136341)])
((2, 5, 0, 0, 0, 0, 37), [(57, 4504490), (395, 31215367)])
((3, 3, 3, 3, 0, 0, 4), [(58, 4583525), (396, 31294402)])
((6, 6, 0, 4, 4, 4, 4), [(59, 4662550), (397, 31373427)])
((5, 0, 0, 0, 0, 10, 14), [(60, 4741578), (398, 31452455)])
((1, 1, 1, 1, 0, 4, 2), [(61, 4820592), (234, 18492130), (399, 31531469), (572, 45203007)])
((0, 0, 0, 0, 3, 4, 18), [(62, 4899625), (400, 31610502)])
((1, 1, 0, 0, 0, 0, 6), [(64, 5057671), (402, 31768548)])
((0, 0, 0, 0, 13, 21, 21), [(66, 5215729), (404, 31926606)])
((0, 0, 0, 0, 7, 7, 5), [(67, 5294755), (405, 32005632)])
((8, 0, 0, 0, 0, 1, 7), [(69, 5452813), (407, 32163690)])
((22, 1, 0, 0, 0, 0, 5), [(70, 5531843), (408, 32242720)])
((14, 9, 0, 0, 0, 0, 8), [(71, 5610855), (409, 32321732)])
((0, 0, 0, 0, 7, 20, 25), [(72, 5689894), (410, 32400771)])
((12, 2, 2, 0, 0, 0, 0), [(73, 5768913), (411, 32479790)])
((44, 0, 0, 0, 0, 6, 44), [(74, 5847943), (412, 32558820)])
((12, 0, 0, 0, 0, 1, 9), [(75, 5926958), (413, 32637835)])
((0, 0, 0, 0, 5, 5, 5), [(76, 6006004), (129, 10194389), (414, 32716881), (467, 36905266)])
((3, 3, 3, 3, 0, 0, 32), [(77, 6085029), (415, 32795906)])
((17, 0, 0, 0, 0, 5, 3), [(78, 6164036), (416, 32874913)])
((26, 11, 0, 0, 0, 0, 68), [(79, 6243074), (417, 32953951)])
((18, 1, 0, 0, 0, 0, 23), [(80, 6322101), (418, 33032978)])
((12, 5, 1, 0, 0, 0, 0), [(81, 6401122), (419, 33111999)])
((6, 0, 0, 0, 0, 23, 21), [(82, 6480139), (420, 33191016)])
((27, 0, 0, 0, 0, 1, 37), [(83, 6559187), (421, 33270064)])
((0, 0, 0, 0, 5, 12, 13), [(84, 6638212), (422, 33349089)])
((0, 0, 0, 0, 9, 12, 12), [(85, 6717224), (423, 33428101)])
((5, 0, 0, 0, 0, 19, 23), [(86, 6796252), (424, 33507129)])
((7, 6, 7, 0, 0, 0, 0), [(87, 6875279), (425, 33586156)])
((21, 9, 0, 0, 0, 0, 4), [(88, 6954309), (426, 33665186)])
((13, 13, 8, 0, 0, 0, 0), [(89, 7033327), (427, 33744204)])
((23, 8, 7, 0, 0, 0, 0), [(90, 7112360), (428, 33823237)])
((4, 4, 0, 7, 7, 7, 7), [(91, 7191397), (429, 33902274)])
((13, 4, 0, 0, 0, 0, 1), [(92, 7270408), (430, 33981285)])
((11, 7, 1, 0, 0, 0, 0), [(93, 7349433), (431, 34060310)])
((9, 0, 0, 0, 0, 7, 5), [(94, 7428467), (432, 34139344)])
((19, 5, 0, 0, 0, 0, 13), [(95, 7507489), (433, 34218366)])
((6, 0, 0, 0, 0, 1, 20), [(96, 7586508), (434, 34297385)])
((0, 0, 0, 0, 1, 8, 8), [(97, 7665550), (435, 34376427)])
((1, 1, 1, 1, 1, 2, 0), [(98, 7744572), (436, 34455449)])
((8, 7, 8, 0, 0, 0, 0), [(99, 7823591), (437, 34534468)])
((18, 16, 5, 0, 0, 0, 0), [(100, 7902613), (438, 34613490)])
((4, 8, 1, 0, 0, 0, 0), [(101, 7981650), (439, 34692527)])
((0, 0, 0, 0, 3, 5, 6), [(102, 8060672), (318, 25130348), (440, 34771549), (656, 51841225)])
((15, 0, 0, 0, 0, 11, 12), [(103, 8139694), (441, 34850571)])
((3, 3, 0, 0, 0, 0, 4), [(104, 8218734), (442, 34929611)])
((0, 0, 0, 0, 7, 6, 7), [(105, 8297756), (443, 35008633)])
((10, 0, 0, 0, 0, 9, 30), [(106, 8376774), (444, 35087651)])
((1, 0, 0, 0, 0, 4, 16), [(107, 8455794), (445, 35166671)])
((7, 0, 0, 0, 0, 10, 26), [(108, 8534843), (446, 35245720)])
((1, 0, 0, 0, 0, 12, 31), [(109, 8613858), (447, 35324735)])
((8, 8, 11, 0, 0, 0, 0), [(110, 8692877), (448, 35403754)])
((34, 0, 0, 0, 0, 9, 9), [(111, 8771922), (449, 35482799)])
((8, 3, 3, 0, 0, 0, 0), [(112, 8850937), (450, 35561814)])
((1, 1, 1, 1, 0, 12, 12), [(113, 8929957), (451, 35640834)])
((0, 0, 0, 0, 3, 3, 1), [(114, 9008983), (452, 35719860)])
((12, 0, 0, 0, 0, 5, 15), [(115, 9088021), (453, 35798898)])
((4, 2, 2, 2, 0, 0, 33), [(116, 9167037), (454, 35877914)])
((5, 5, 0, 0, 0, 0, 10), [(117, 9246066), (317, 25051315), (455, 35956943), (655, 51762192)])
((9, 0, 0, 0, 0, 12, 25), [(118, 9325094), (456, 36035971)])
((14, 0, 0, 0, 0, 11, 20), [(119, 9404119), (457, 36114996)])
((11, 11, 0, 0, 0, 0, 19), [(120, 9483151), (458, 36194028)])
((3, 3, 1, 0, 0, 0, 0), [(121, 9562174), (459, 36273051)])
((7, 7, 0, 0, 0, 0, 6), [(122, 9641206), (460, 36352083)])
((9, 9, 11, 0, 0, 0, 0), [(123, 9720218), (461, 36431095)])
((13, 0, 0, 0, 0, 1, 18), [(124, 9799255), (462, 36510132)])
((9, 1, 0, 0, 0, 0, 21), [(125, 9878278), (463, 36589155)])
((8, 12, 0, 0, 0, 0, 30), [(126, 9957303), (464, 36668180)])
((18, 0, 0, 0, 0, 2, 0), [(127, 10036338), (465, 36747215)])
((32, 9, 0, 0, 0, 0, 27), [(128, 10115361), (466, 36826238)])
((21, 5, 1, 0, 0, 0, 0), [(130, 10273405), (468, 36984282)])
((10, 0, 0, 0, 0, 9, 12), [(131, 10352439), (469, 37063316)])
((2, 2, 2, 2, 0, 0, 0), [(132, 10431464), (192, 15173029), (470, 37142341), (530, 41883906)])
((16, 12, 1, 0, 0, 0, 0), [(133, 10510485), (471, 37221362)])
((25, 5, 5, 0, 0, 0, 0), [(134, 10589521), (472, 37300398)])
((5, 0, 0, 0, 0, 8, 8), [(135, 10668536), (140, 11063666), (473, 37379413), (478, 37774543)])
((11, 0, 0, 0, 0, 11, 11), [(136, 10747567), (474, 37458444)])
((0, 0, 0, 0, 0, 0, 19), [(137, 10826582), (475, 37537459)])
((0, 0, 1, 1, 1, 1, 7), [(138, 10905625), (476, 37616502)])
((16, 0, 0, 0, 0, 10, 10), [(139, 10984657), (477, 37695534)])
((0, 0, 0, 0, 5, 11, 16), [(141, 11142705), (479, 37853582)])
((10, 10, 0, 0, 0, 0, 13), [(142, 11221727), (480, 37932604)])
((36, 0, 0, 0, 0, 10, 36), [(143, 11300755), (481, 38011632)])
((13, 4, 4, 0, 0, 0, 0), [(144, 11379769), (482, 38090646)])
((14, 1, 0, 0, 0, 0, 12), [(145, 11458817), (483, 38169694)])
((9, 0, 0, 0, 0, 12, 24), [(146, 11537841), (484, 38248718)])
((9, 5, 7, 0, 0, 0, 0), [(147, 11616848), (485, 38327725)])
((15, 0, 0, 0, 0, 5, 57), [(148, 11695883), (486, 38406760)])
((7, 7, 0, 0, 0, 0, 12), [(149, 11774910), (487, 38485787)])
((3, 2, 0, 0, 0, 0, 3), [(150, 11853933), (488, 38564810)])
((7, 0, 0, 0, 0, 15, 13), [(151, 11932951), (489, 38643828)])
((14, 0, 0, 0, 0, 22, 24), [(152, 12011994), (490, 38722871)])
((4, 4, 0, 7, 7, 7, 28), [(153, 12091024), (491, 38801901)])
((41, 0, 0, 0, 0, 1, 1), [(154, 12170033), (492, 38880910)])
((16, 0, 0, 0, 0, 11, 15), [(155, 12249064), (493, 38959941)])
((20, 7, 0, 0, 0, 0, 8), [(156, 12328091), (494, 39038968)])
((12, 0, 0, 0, 0, 1, 11), [(157, 12407120), (495, 39117997)])
((5, 5, 1, 0, 0, 0, 0), [(158, 12486137), (314, 24814235), (496, 39197014), (652, 51525112)])
((13, 1, 0, 0, 0, 0, 2), [(159, 12565170), (497, 39276047)])
((25, 9, 0, 0, 0, 0, 18), [(160, 12644207), (498, 39355084)])
((8, 8, 4, 0, 0, 0, 0), [(161, 12723223), (499, 39434100)])
((0, 0, 0, 0, 8, 18, 28), [(162, 12802242), (500, 39513119)])
((1, 1, 1, 1, 0, 2, 20), [(163, 12881279), (501, 39592156)])
((8, 7, 0, 0, 0, 0, 2), [(164, 12960298), (502, 39671175)])
((10, 0, 0, 0, 0, 5, 11), [(165, 13039319), (503, 39750196)])
((7, 15, 5, 0, 0, 0, 0), [(166, 13118362), (504, 39829239)])
((0, 0, 0, 0, 1, 3, 4), [(167, 13197387), (505, 39908264)])
((13, 0, 0, 0, 0, 2, 0), [(168, 13276401), (506, 39987278)])
((7, 5, 0, 0, 0, 0, 12), [(169, 13355422), (507, 40066299)])
((3, 3, 1, 1, 1, 1, 0), [(170, 13434465), (508, 40145342)])
((1, 1, 0, 0, 0, 0, 2), [(171, 13513484), (252, 19914608), (509, 40224361), (590, 46625485)])
((4, 8, 0, 0, 0, 0, 1), [(172, 13592503), (510, 40303380)])
((2, 2, 3, 0, 0, 0, 0), [(173, 13671548), (511, 40382425)])
((0, 0, 0, 0, 1, 10, 11), [(174, 13750569), (512, 40461446)])
((0, 0, 0, 0, 5, 10, 20), [(175, 13829584), (513, 40540461)])
((0, 0, 0, 0, 1, 1, 7), [(176, 13908605), (514, 40619482)])
((7, 0, 0, 0, 0, 1, 17), [(177, 13987654), (515, 40698531)])
((10, 0, 0, 0, 0, 1, 20), [(178, 14066667), (516, 40777544)])
((7, 7, 7, 7, 0, 0, 11), [(179, 14145691), (189, 14935963), (517, 40856568), (527, 41646840)])
((25, 25, 9, 0, 0, 0, 0), [(180, 14224733), (518, 40935610)])
((0, 1, 1, 1, 1, 6, 6), [(181, 14303749), (519, 41014626)])
((0, 0, 0, 0, 6, 12, 12), [(182, 14382775), (520, 41093652)])
((10, 10, 7, 0, 0, 0, 0), [(183, 14461797), (521, 41172674)])
((21, 16, 0, 0, 0, 0, 28), [(185, 14619852), (523, 41330729)])
((7, 1, 0, 0, 0, 0, 2), [(186, 14698878), (524, 41409755)])
((0, 0, 0, 0, 3, 1, 14), [(187, 14777903), (525, 41488780)])
((18, 5, 0, 0, 0, 0, 9), [(188, 14856928), (526, 41567805)])
((11, 4, 1, 1, 1, 1, 0), [(190, 15014988), (528, 41725865)])
((4, 4, 0, 0, 0, 0, 5), [(191, 15094018), (529, 41804895)])
((0, 0, 0, 0, 3, 1, 5), [(193, 15252062), (241, 19045315), (531, 41962939), (579, 45756192)])
((0, 0, 0, 0, 2, 12, 12), [(194, 15331089), (532, 42041966)])
((5, 5, 0, 0, 0, 0, 23), [(195, 15410116), (533, 42120993)])
((13, 13, 0, 0, 0, 0, 35), [(196, 15489153), (534, 42200030)])
((23, 0, 0, 0, 0, 11, 18), [(197, 15568172), (535, 42279049)])
((28, 22, 0, 0, 0, 0, 35), [(198, 15647202), (536, 42358079)])
((13, 0, 0, 0, 0, 8, 28), [(199, 15726217), (537, 42437094)])
((0, 4, 1, 1, 1, 1, 2), [(200, 15805249), (538, 42516126)])
((1, 0, 0, 0, 0, 6, 9), [(201, 15884278), (539, 42595155)])
((9, 9, 0, 0, 0, 0, 23), [(202, 15963298), (540, 42674175)])
((18, 22, 0, 0, 0, 0, 10), [(203, 16042334), (541, 42753211)])
((3, 3, 0, 3, 3, 3, 3), [(204, 16121349), (542, 42832226)])
((0, 3, 4, 0, 0, 0, 0), [(205, 16200376), (543, 42911253)])
((0, 0, 0, 0, 3, 13, 13), [(206, 16279396), (544, 42990273)])
((1, 1, 3, 0, 0, 0, 0), [(207, 16358438), (545, 43069315)])
((6, 3, 3, 0, 0, 0, 0), [(208, 16437467), (546, 43148344)])
((5, 5, 5, 0, 0, 0, 0), [(209, 16516478), (547, 43227355)])
((6, 2, 0, 0, 0, 0, 5), [(210, 16595514), (548, 43306391)])
((0, 0, 0, 0, 1, 2, 3), [(211, 16674537), (549, 43385414)])
((27, 0, 0, 0, 0, 1, 27), [(212, 16753566), (550, 43464443)])
((7, 6, 0, 0, 0, 0, 5), [(214, 16911630), (552, 43622507)])
((0, 0, 0, 0, 5, 3, 15), [(215, 16990652), (553, 43701529)])
((5, 9, 7, 0, 0, 0, 0), [(216, 17069663), (554, 43780540)])
((5, 1, 0, 0, 0, 0, 47), [(217, 17148693), (555, 43859570)])
((2, 2, 0, 1, 1, 1, 1), [(218, 17227719), (261, 20625844), (556, 43938596), (599, 47336721)])
((13, 0, 1, 1, 1, 1, 22), [(219, 17306748), (557, 44017625)])
((23, 0, 0, 0, 0, 6, 4), [(220, 17385762), (558, 44096639)])
((3, 0, 0, 0, 0, 11, 13), [(221, 17464803), (559, 44175680)])
((8, 6, 0, 0, 0, 0, 19), [(222, 17543835), (560, 44254712)])
((34, 2, 2, 0, 0, 0, 0), [(223, 17622846), (561, 44333723)])
((12, 1, 1, 0, 0, 0, 0), [(225, 17780903), (563, 44491780)])
((4, 0, 0, 3, 3, 3, 3), [(226, 17859932), (564, 44570809)])
((0, 0, 0, 0, 1, 8, 46), [(227, 17938951), (565, 44649828)])
((9, 9, 0, 0, 0, 0, 11), [(228, 18017986), (566, 44728863)])
((16, 0, 0, 0, 0, 11, 14), [(229, 18097018), (567, 44807895)])
((0, 0, 0, 0, 13, 13, 21), [(230, 18176035), (568, 44886912)])
((12, 0, 0, 0, 0, 8, 18), [(231, 18255052), (569, 44965929)])
((7, 3, 0, 0, 0, 0, 15), [(232, 18334094), (570, 45044971)])
((1, 0, 0, 0, 0, 9, 9), [(233, 18413111), (571, 45123988)])
((2, 6, 0, 0, 0, 0, 1), [(235, 18571173), (573, 45282050)])
((12, 12, 0, 0, 0, 0, 8), [(236, 18650201), (574, 45361078)])
((12, 0, 0, 0, 0, 5, 3), [(237, 18729216), (575, 45440093)])
((9, 0, 0, 0, 0, 5, 3), [(238, 18808233), (576, 45519110)])
((4, 4, 0, 0, 0, 0, 0), [(239, 18887280), (577, 45598157)])
((9, 9, 1, 0, 0, 0, 0), [(240, 18966298), (578, 45677175)])
((7, 7, 0, 0, 0, 0, 3), [(242, 19124362), (333, 26315736), (580, 45835239), (671, 53026613)])
((35, 0, 2, 2, 2, 2, 3), [(243, 19203381), (581, 45914258)])
((0, 0, 0, 0, 6, 7, 13), [(244, 19282397), (582, 45993274)])
((0, 3, 1, 1, 1, 1, 1), [(245, 19361419), (583, 46072296)])
((0, 0, 0, 0, 13, 13, 9), [(246, 19440466), (584, 46151343)])
((0, 0, 0, 0, 8, 8, 8), [(247, 19519475), (585, 46230352)])
((11, 5, 0, 0, 0, 0, 1), [(248, 19598501), (586, 46309378)])
((12, 12, 0, 0, 0, 0, 18), [(249, 19677540), (587, 46388417)])
((8, 0, 0, 0, 0, 1, 46), [(250, 19756562), (588, 46467439)])
((0, 0, 5, 5, 5, 5, 5), [(251, 19835588), (589, 46546465)])
((16, 12, 0, 0, 0, 0, 3), [(253, 19993645), (591, 46704522)])
((10, 5, 0, 0, 0, 0, 17), [(254, 20072661), (592, 46783538)])
((3, 3, 3, 3, 4, 0, 0), [(255, 20151694), (593, 46862571)])
((30, 13, 0, 0, 0, 0, 7), [(256, 20230716), (594, 46941593)])
((10, 10, 0, 0, 0, 0, 1), [(257, 20309740), (595, 47020617)])
((13, 5, 1, 0, 0, 0, 0), [(258, 20388772), (596, 47099649)])
((5, 0, 0, 0, 0, 10, 11), [(259, 20467802), (597, 47178679)])
((8, 8, 0, 0, 0, 0, 30), [(260, 20546831), (598, 47257708)])
((4, 4, 0, 0, 0, 0, 7), [(262, 20704875), (600, 47415752)])
((0, 0, 0, 0, 6, 4, 4), [(263, 20783901), (601, 47494778)])
((16, 0, 0, 0, 0, 3, 12), [(264, 20862925), (602, 47573802)])
((2, 2, 0, 0, 0, 0, 24), [(265, 20941962), (603, 47652839)])
((12, 12, 0, 0, 0, 0, 7), [(266, 21020981), (604, 47731858)])
((17, 11, 0, 0, 0, 0, 24), [(267, 21100011), (605, 47810888)])
((5, 5, 5, 5, 0, 0, 20), [(268, 21179029), (606, 47889906)])
((0, 0, 3, 3, 3, 3, 9), [(269, 21258065), (607, 47968942)])
((8, 6, 0, 0, 0, 0, 7), [(270, 21337092), (608, 48047969)])
((3, 7, 0, 0, 0, 0, 10), [(271, 21416105), (609, 48126982)])
((15, 15, 0, 0, 0, 0, 3), [(272, 21495147), (610, 48206024)])
((2, 0, 0, 0, 0, 5, 7), [(273, 21574162), (611, 48285039)])
((2, 2, 2, 2, 0, 0, 5), [(274, 21653192), (612, 48364069)])
((0, 0, 0, 0, 1, 4, 4), [(275, 21732207), (613, 48443084)])
((1, 1, 1, 1, 1, 0, 1), [(276, 21811252), (614, 48522129)])
((1, 0, 0, 0, 0, 10, 45), [(277, 21890279), (615, 48601156)])
((0, 0, 0, 0, 5, 8, 9), [(278, 21969289), (616, 48680166)])
((15, 15, 0, 0, 0, 0, 1), [(279, 22048327), (617, 48759204)])
((11, 4, 1, 0, 0, 0, 0), [(280, 22127352), (618, 48838229)])
((18, 1, 0, 0, 0, 0, 18), [(281, 22206377), (619, 48917254)])
((13, 0, 0, 0, 0, 10, 10), [(282, 22285394), (620, 48996271)])
((10, 5, 0, 0, 0, 0, 55), [(283, 22364442), (621, 49075319)])
((17, 8, 0, 0, 0, 0, 9), [(284, 22443466), (622, 49154343)])
((0, 0, 0, 0, 1, 12, 25), [(285, 22522474), (623, 49233351)])
((5, 0, 0, 0, 0, 4, 39), [(286, 22601505), (624, 49312382)])
((7, 7, 0, 0, 0, 0, 8), [(287, 22680534), (625, 49391411)])
((5, 4, 0, 0, 0, 0, 14), [(288, 22759560), (626, 49470437)])
((14, 0, 0, 0, 0, 1, 1), [(289, 22838573), (627, 49549450)])
((0, 0, 3, 3, 3, 3, 5), [(290, 22917615), (628, 49628492)])
((0, 0, 0, 0, 7, 8, 11), [(291, 22996647), (629, 49707524)])
((28, 5, 1, 0, 0, 0, 0), [(292, 23075660), (630, 49786537)])
((5, 0, 0, 0, 0, 8, 15), [(293, 23154685), (631, 49865562)])
((6, 1, 1, 1, 1, 2, 0), [(294, 23233717), (632, 49944594)])
((16, 0, 0, 0, 0, 1, 39), [(296, 23391764), (634, 50102641)])
((1, 1, 1, 1, 0, 0, 2), [(297, 23470797), (635, 50181674)])
((19, 7, 0, 0, 0, 0, 3), [(298, 23549827), (636, 50260704)])
((22, 3, 0, 0, 0, 0, 8), [(299, 23628842), (637, 50339719)])
((5, 0, 0, 0, 0, 1, 11), [(300, 23707865), (638, 50418742)])
((0, 0, 4, 8, 8, 8, 8), [(301, 23786907), (639, 50497784)])
((4, 0, 1, 0, 0, 0, 0), [(302, 23865922), (640, 50576799)])
((0, 0, 0, 0, 5, 2, 2), [(303, 23944943), (641, 50655820)])
((0, 0, 0, 0, 14, 10, 10), [(304, 24023987), (642, 50734864)])
((2, 2, 2, 2, 0, 0, 8), [(305, 24103011), (643, 50813888)])
((4, 0, 0, 0, 0, 1, 47), [(306, 24182028), (644, 50892905)])
((1, 1, 0, 0, 0, 0, 1), [(307, 24261045), (645, 50971922)])
((0, 0, 0, 0, 2, 2, 0), [(309, 24419105), (647, 51129982)])
((5, 5, 0, 0, 0, 0, 11), [(310, 24498128), (648, 51209005)])
((7, 0, 0, 0, 0, 2, 3), [(311, 24577173), (649, 51288050)])
((29, 16, 0, 0, 0, 0, 21), [(312, 24656195), (650, 51367072)])
((0, 0, 0, 0, 3, 4, 5), [(313, 24735209), (651, 51446086)])
((0, 0, 4, 5, 5, 5, 5), [(315, 24893278), (653, 51604155)])
((7, 7, 5, 0, 0, 0, 0), [(316, 24972287), (654, 51683164)])
((0, 0, 0, 0, 8, 10, 38), [(319, 25209374), (657, 51920251)])
((0, 0, 4, 4, 4, 4, 4), [(320, 25288401), (658, 51999278)])
((8, 1, 0, 0, 0, 0, 11), [(321, 25367424), (659, 52078301)])
((8, 8, 0, 0, 0, 0, 3), [(322, 25446457), (660, 52157334)])
((0, 0, 0, 0, 3, 7, 7), [(323, 25525471), (661, 52236348)])
((0, 0, 0, 0, 1, 1, 13), [(324, 25604506), (662, 52315383)])
((23, 6, 5, 0, 0, 0, 0), [(325, 25683529), (663, 52394406)])
((6, 6, 0, 1, 1, 1, 1), [(326, 25762554), (664, 52473431)])
((7, 0, 0, 0, 0, 0, 8), [(327, 25841586), (665, 52552463)])
((0, 0, 5, 5, 5, 5, 8), [(328, 25920614), (666, 52631491)])
((0, 0, 0, 0, 7, 5, 22), [(329, 25999643), (667, 52710520)])
((5, 0, 0, 0, 0, 1, 10), [(330, 26078657), (668, 52789534)])
((2, 4, 4, 0, 0, 0, 0), [(331, 26157688), (669, 52868565)])
((11, 1, 1, 0, 0, 0, 0), [(332, 26236715), (670, 52947592)])
((10, 14, 0, 0, 0, 0, 17), [(334, 26394775), (672, 53105652)])
((8, 7, 1, 0, 0, 0, 0), [(335, 26473794), (673, 53184671)])
((6, 0, 0, 0, 0, 11, 13), [(336, 26552820), (674, 53263697)])
((0, 0, 0, 0, 5, 11, 11), [(337, 26631840), (675, 53342717)])
((14, 0, 0, 0, 0, 0, 0), [(338, 26710876), (676, 53421753)])