((1, 0, 0, 0, 0, 1, 1), [0])
((1, 1, 1, 1, 0, 0, 0), [1, 308, 339, 646, 677, 984])
((0, 0, 0, 0, 3, 3, 3), [2, 340, 678])
((7, 7, 0, 0, 0, 0, 14), [3, 295, 341, 633, 679, 971])
((0, 0, 0, 0, 4, 1, 1), [4, 342, 680])
((4, 4, 4, 0, 0, 0, 0), [5, 343, 681])
((16, 3, 3, 3, 3, 0, 0), [6, 344, 682])
((3, 3, 3, 3, 0, 0, 13), [7, 345, 683])
((0, 0, 0, 0, 5, 3, 38), [8, 346, 684])
((25, 0, 0, 3, 3, 3, 3), [9, 347, 685])
((9, 9, 0, 0, 0, 0, 78), [10, 348, 686])
((5, 5, 0, 0, 0, 0, 6), [11, 213, 349, 551, 687, 889])
((7, 6, 0, 0, 0, 0, 7), [12, 350, 688])
((3, 3, 5, 0, 0, 0, 0), [13, 351, 689])
((0, 1, 1, 1, 1, 9, 45), [14, 352, 690])
((8, 5, 5, 0, 0, 0, 0), [15, 353, 691])
((0, 0, 0, 0, 4, 5, 18), [16, 354, 692])
((5, 5, 0, 0, 0, 0, 31), [17, 355, 693])
((5, 5, 0, 0, 0, 0, 8), [18, 63, 65, 356, 401, 403, 694, 739, 741])
((5, 5, 0, 0, 0, 0, 12), [19, 184, 357, 522, 695, 860])
((10, 10, 6, 0, 0, 0, 0), [20, 358, 696])
((34, 19, 0, 0, 0, 0, 11), [21, 359, 697])
((0, 0, 0, 0, 9, 2, 2), [22, 360, 698])
((22, 13, 0, 0, 0, 0, 7), [23, 361, 699])
((14, 1, 0, 0, 0, 0, 7), [24, 362, 700])
((7, 7, 0, 0, 0, 0, 4), [25, 224, 363, 562, 701, 900])
((11, 11, 0, 0, 0, 0, 3), [26, 364, 702])
((7, 0, 0, 0, 0, 11, 30), [27, 365, 703])
((4, 8, 8, 0, 0, 0, 0), [28, 366, 704])
((10, 8, 0, 0, 0, 0, 8), [29, 367, 705])
((14, 13, 1, 1, 1, 1, 0), [30, 368, 706])
((5, 0, 0, 0, 0, 8, 4), [31, 369, 707])
((15, 19, 0, 0, 0, 0, 11), [32, 370, 708])
((0, 0, 0, 0, 3, 14, 15), [33, 371, 709])
((4, 0, 0, 0, 0, 1, 18), [34, 372, 710])
((0, 0, 0, 0, 7, 9, 13), [35, 373, 711])
((10, 10, 1, 0, 0, 0, 0), [36, 68, 374, 406, 712, 744])
((0, 0, 0, 0, 7, 7, 39), [37, 375, 713])
((7, 5, 1, 0, 0, 0, 0), [38, 376, 714])
((7, 7, 7, 7, 0, 0, 37), [39, 377, 715])
((3, 2, 3, 0, 0, 0, 0), [40, 378, 716])
((3, 3, 0, 0, 0, 0, 3), [41, 379, 717])
((43, 9, 5, 0, 0, 0, 0), [42, 380, 718])
((18, 5, 0, 0, 0, 0, 10), [43, 381, 719])
((8, 0, 0, 0, 0, 21, 21), [44, 382, 720])
((6, 0, 0, 0, 0, 0, 0), [45, 383, 721])
((23, 0, 0, 0, 0, 1, 10), [46, 384, 722])
((1, 1, 1, 1, 0, 0, 3), [47, 385, 723])
((9, 0, 0, 0, 0, 1, 2), [48, 386, 724])
((3, 3, 0, 0, 0, 0, 34), [49, 387, 725])
((5, 5, 0, 0, 0, 0, 28), [50, 388, 726])
((20, 20, 3, 3, 3, 3, 0), [51, 389, 727])
((5, 5, 0, 0, 0, 0, 4), [52, 390, 728])
((0, 0, 0, 0, 3, 1, 12), [53, 391, 729])
((16, 1, 1, 0, 0, 0, 0), [54, 392, 730])
((20, 3, 0, 0, 0, 0, 6), [55, 393, 731])
((15, 1, 0, 0, 0, 0, 1), [56, 394, 732])
((2, 5, 0, 0, 0, 0, 37), [57, 395, 733])
((3, 3, 3, 3, 0, 0, 4), [58, 396, 734])
((6, 6, 0, 4, 4, 4, 4), [59, 397, 735])
((5, 0, 0, 0, 0, 10, 14), [60, 398, 736])
((1, 1, 1, 1, 0, 4, 2), [61, 234, 399, 572, 737, 910])
((0, 0, 0, 0, 3, 4, 18), [62, 400, 738])
((1, 1, 0, 0, 0, 0, 6), [64, 402, 740])
((0, 0, 0, 0, 13, 21, 21), [66, 404, 742])
((0, 0, 0, 0, 7, 7, 5), [67, 405, 743])
((8, 0, 0, 0, 0, 1, 7), [69, 407, 745])
((22, 1, 0, 0, 0, 0, 5), [70, 408, 746])
((14, 9, 0, 0, 0, 0, 8), [71, 409, 747])
((0, 0, 0, 0, 7, 20, 25), [72, 410, 748])
((12, 2, 2, 0, 0, 0, 0), [73, 411, 749])
((44, 0, 0, 0, 0, 6, 44), [74, 412, 750])
((12, 0, 0, 0, 0, 1, 9), [75, 413, 751])
((0, 0, 0, 0, 5, 5, 5), [76, 129, 414, 467, 752, 805])
((3, 3, 3, 3, 0, 0, 32), [77, 415, 753])
((17, 0, 0, 0, 0, 5, 3), [78, 416, 754])
((26, 11, 0, 0, 0, 0, 68), [79, 417, 755])
((18, 1, 0, 0, 0, 0, 23), [80, 418, 756])
((12, 5, 1, 0, 0, 0, 0), [81, 419, 757])
((6, 0, 0, 0, 0, 23, 21), [82, 420, 758])
((27, 0, 0, 0, 0, 1, 37), [83, 421, 759])
((0, 0, 0, 0, 5, 12, 13), [84, 422, 760])
((0, 0, 0, 0, 9, 12, 12), [85, 423, 761])
((5, 0, 0, 0, 0, 19, 23), [86, 424, 762])
((7, 6, 7, 0, 0, 0, 0), [87, 425, 763])
((21, 9, 0, 0, 0, 0, 4), [88, 426, 764])
((13, 13, 8, 0, 0, 0, 0), [89, 427, 765])
((23, 8, 7, 0, 0, 0, 0), [90, 428, 766])
((4, 4, 0, 7, 7, 7, 7), [91, 429, 767])
((13, 4, 0, 0, 0, 0, 1), [92, 430, 768])
((11, 7, 1, 0, 0, 0, 0), [93, 431, 769])
((9, 0, 0, 0, 0, 7, 5), [94, 432, 770])
((19, 5, 0, 0, 0, 0, 13), [95, 433, 771])
((6, 0, 0, 0, 0, 1, 20), [96, 434, 772])
((0, 0, 0, 0, 1, 8, 8), [97, 435, 773])
((1, 1, 1, 1, 1, 2, 0), [98, 436, 774])
((8, 7, 8, 0, 0, 0, 0), [99, 437, 775])
((18, 16, 5, 0, 0, 0, 0), [100, 438, 776])
((4, 8, 1, 0, 0, 0, 0), [101, 439, 777])
((0, 0, 0, 0, 3, 5, 6), [102, 318, 440, 656, 778, 994])
((15, 0, 0, 0, 0, 11, 12), [103, 441, 779])
((3, 3, 0, 0, 0, 0, 4), [104, 442, 780])
((0, 0, 0, 0, 7, 6, 7), [105, 443, 781])
((10, 0, 0, 0, 0, 9, 30), [106, 444, 782])
((1, 0, 0, 0, 0, 4, 16), [107, 445, 783])
((7, 0, 0, 0, 0, 10, 26), [108, 446, 784])
((1, 0, 0, 0, 0, 12, 31), [109, 447, 785])
((8, 8, 11, 0, 0, 0, 0), [110, 448, 786])
((34, 0, 0, 0, 0, 9, 9), [111, 449, 787])
((8, 3, 3, 0, 0, 0, 0), [112, 450, 788])
((1, 1, 1, 1, 0, 12, 12), [113, 451, 789])
((0, 0, 0, 0, 3, 3, 1), [114, 452, 790])
((12, 0, 0, 0, 0, 5, 15), [115, 453, 791])
((4, 2, 2, 2, 0, 0, 33), [116, 454, 792])
((5, 5, 0, 0, 0, 0, 10), [117, 317, 455, 655, 793, 993])
((9, 0, 0, 0, 0, 12, 25), [118, 456, 794])
((14, 0, 0, 0, 0, 11, 20), [119, 457, 795])
((11, 11, 0, 0, 0, 0, 19), [120, 458, 796])
((3, 3, 1, 0, 0, 0, 0), [121, 459, 797])
((7, 7, 0, 0, 0, 0, 6), [122, 460, 798])
((9, 9, 11, 0, 0, 0, 0), [123, 461, 799])
((13, 0, 0, 0, 0, 1, 18), [124, 462, 800])
((9, 1, 0, 0, 0, 0, 21), [125, 463, 801])
((8, 12, 0, 0, 0, 0, 30), [126, 464, 802])
((18, 0, 0, 0, 0, 2, 0), [127, 465, 803])
((32, 9, 0, 0, 0, 0, 27), [128, 466, 804])
((21, 5, 1, 0, 0, 0, 0), [130, 468, 806])
((10, 0, 0, 0, 0, 9, 12), [131, 469, 807])
((2, 2, 2, 2, 0, 0, 0), [132, 192, 470, 530, 808, 868])
((16, 12, 1, 0, 0, 0, 0), [133, 471, 809])
((25, 5, 5, 0, 0, 0, 0), [134, 472, 810])
((5, 0, 0, 0, 0, 8, 8), [135, 140, 473, 478, 811, 816])
((11, 0, 0, 0, 0, 11, 11), [136, 474, 812])
((0, 0, 0, 0, 0, 0, 19), [137, 475, 813])
((0, 0, 1, 1, 1, 1, 7), [138, 476, 814])
((16, 0, 0, 0, 0, 10, 10), [139, 477, 815])
((0, 0, 0, 0, 5, 11, 16), [141, 479, 817])
((10, 10, 0, 0, 0, 0, 13), [142, 480, 818])
((36, 0, 0, 0, 0, 10, 36), [143, 481, 819])
((13, 4, 4, 0, 0, 0, 0), [144, 482, 820])
((14, 1, 0, 0, 0, 0, 12), [145, 483, 821])
((9, 0, 0, 0, 0, 12, 24), [146, 484, 822])
((9, 5, 7, 0, 0, 0, 0), [147, 485, 823])
((15, 0, 0, 0, 0, 5, 57), [148, 486, 824])
((7, 7, 0, 0, 0, 0, 12), [149, 487, 825])
((3, 2, 0, 0, 0, 0, 3), [150, 488, 826])
((7, 0, 0, 0, 0, 15, 13), [151, 489, 827])
((14, 0, 0, 0, 0, 22, 24), [152, 490, 828])
((4, 4, 0, 7, 7, 7, 28), [153, 491, 829])
((41, 0, 0, 0, 0, 1, 1), [154, 492, 830])
((16, 0, 0, 0, 0, 11, 15), [155, 493, 831])
((20, 7, 0, 0, 0, 0, 8), [156, 494, 832])
((12, 0, 0, 0, 0, 1, 11), [157, 495, 833])
((5, 5, 1, 0, 0, 0, 0), [158, 314, 496, 652, 834, 990])
((13, 1, 0, 0, 0, 0, 2), [159, 497, 835])
((25, 9, 0, 0, 0, 0, 18), [160, 498, 836])
((8, 8, 4, 0, 0, 0, 0), [161, 499, 837])
((0, 0, 0, 0, 8, 18, 28), [162, 500, 838])
((1, 1, 1, 1, 0, 2, 20), [163, 501, 839])
((8, 7, 0, 0, 0, 0, 2), [164, 502, 840])
((10, 0, 0, 0, 0, 5, 11), [165, 503, 841])
((7, 15, 5, 0, 0, 0, 0), [166, 504, 842])
((0, 0, 0, 0, 1, 3, 4), [167, 505, 843])
((13, 0, 0, 0, 0, 2, 0), [168, 506, 844])
((7, 5, 0, 0, 0, 0, 12), [169, 507, 845])
((3, 3, 1, 1, 1, 1, 0), [170, 508, 846])
((1, 1, 0, 0, 0, 0, 2), [171, 252, 509, 590, 847, 928])
((4, 8, 0, 0, 0, 0, 1), [172, 510, 848])
((2, 2, 3, 0, 0, 0, 0), [173, 511, 849])
((0, 0, 0, 0, 1, 10, 11), [174, 512, 850])
((0, 0, 0, 0, 5, 10, 20), [175, 513, 851])
((0, 0, 0, 0, 1, 1, 7), [176, 514, 852])
((7, 0, 0, 0, 0, 1, 17), [177, 515, 853])
((10, 0, 0, 0, 0, 1, 20), [178, 516, 854])
((7, 7, 7, 7, 0, 0, 11), [179, 189, 517, 527, 855, 865])
((25, 25, 9, 0, 0, 0, 0), [180, 518, 856])
((0, 1, 1, 1, 1, 6, 6), [181, 519, 857])
((0, 0, 0, 0, 6, 12, 12), [182, 520, 858])
((10, 10, 7, 0, 0, 0, 0), [183, 521, 859])
((21, 16, 0, 0, 0, 0, 28), [185, 523, 861])
((7, 1, 0, 0, 0, 0, 2), [186, 524, 862])
((0, 0, 0, 0, 3, 1, 14), [187, 525, 863])
((18, 5, 0, 0, 0, 0, 9), [188, 526, 864])
((11, 4, 1, 1, 1, 1, 0), [190, 528, 866])
((4, 4, 0, 0, 0, 0, 5), [191, 529, 867])
((0, 0, 0, 0, 3, 1, 5), [193, 241, 531, 579, 869, 917])
((0, 0, 0, 0, 2, 12, 12), [194, 532, 870])
((5, 5, 0, 0, 0, 0, 23), [195, 533, 871])
((13, 13, 0, 0, 0, 0, 35), [196, 534, 872])
((23, 0, 0, 0, 0, 11, 18), [197, 535, 873])
((28, 22, 0, 0, 0, 0, 35), [198, 536, 874])
((13, 0, 0, 0, 0, 8, 28), [199, 537, 875])
((0, 4, 1, 1, 1, 1, 2), [200, 538, 876])
((1, 0, 0, 0, 0, 6, 9), [201, 539, 877])
((9, 9, 0, 0, 0, 0, 23), [202, 540, 878])
((18, 22, 0, 0, 0, 0, 10), [203, 541, 879])
((3, 3, 0, 3, 3, 3, 3), [204, 542, 880])
((0, 3, 4, 0, 0, 0, 0), [205, 543, 881])
((0, 0, 0, 0, 3, 13, 13), [206, 544, 882])
((1, 1, 3, 0, 0, 0, 0), [207, 545, 883])
((6, 3, 3, 0, 0, 0, 0), [208, 546, 884])
((5, 5, 5, 0, 0, 0, 0), [209, 547, 885])
((6, 2, 0, 0, 0, 0, 5), [210, 548, 886])
((0, 0, 0, 0, 1, 2, 3), [211, 549, 887])
((27, 0, 0, 0, 0, 1, 27), [212, 550, 888])
((7, 6, 0, 0, 0, 0, 5), [214, 552, 890])
((0, 0, 0, 0, 5, 3, 15), [215, 553, 891])
((5, 9, 7, 0, 0, 0, 0), [216, 554, 892])
((5, 1, 0, 0, 0, 0, 47), [217, 555, 893])
((2, 2, 0, 1, 1, 1, 1), [218, 261, 556, 599, 894, 937])
((13, 0, 1, 1, 1, 1, 22), [219, 557, 895])
((23, 0, 0, 0, 0, 6, 4), [220, 558, 896])
((3, 0, 0, 0, 0, 11, 13), [221, 559, 897])
((8, 6, 0, 0, 0, 0, 19), [222, 560, 898])
((34, 2, 2, 0, 0, 0, 0), [223, 561, 899])
((12, 1, 1, 0, 0, 0, 0), [225, 563, 901])
((4, 0, 0, 3, 3, 3, 3), [226, 564, 902])
((0, 0, 0, 0, 1, 8, 46), [227, 565, 903])
((9, 9, 0, 0, 0, 0, 11), [228, 566, 904])
((16, 0, 0, 0, 0, 11, 14), [229, 567, 905])
((0, 0, 0, 0, 13, 13, 21), [230, 568, 906])
((12, 0, 0, 0, 0, 8, 18), [231, 569, 907])
((7, 3, 0, 0, 0, 0, 15), [232, 570, 908])
((1, 0, 0, 0, 0, 9, 9), [233, 571, 909])
((2, 6, 0, 0, 0, 0, 1), [235, 573, 911])
((12, 12, 0, 0, 0, 0, 8), [236, 574, 912])
((12, 0, 0, 0, 0, 5, 3), [237, 575, 913])
((9, 0, 0, 0, 0, 5, 3), [238, 576, 914])
((4, 4, 0, 0, 0, 0, 0), [239, 577, 915])
((9, 9, 1, 0, 0, 0, 0), [240, 578, 916])
((7, 7, 0, 0, 0, 0, 3), [242, 333, 580, 671, 918])
((35, 0, 2, 2, 2, 2, 3), [243, 581, 919])
((0, 0, 0, 0, 6, 7, 13), [244, 582, 920])
((0, 3, 1, 1, 1, 1, 1), [245, 583, 921])
((0, 0, 0, 0, 13, 13, 9), [246, 584, 922])
((0, 0, 0, 0, 8, 8, 8), [247, 585, 923])
((11, 5, 0, 0, 0, 0, 1), [248, 586, 924])
((12, 12, 0, 0, 0, 0, 18), [249, 587, 925])
((8, 0, 0, 0, 0, 1, 46), [250, 588, 926])
((0, 0, 5, 5, 5, 5, 5), [251, 589, 927])
((16, 12, 0, 0, 0, 0, 3), [253, 591, 929])
((10, 5, 0, 0, 0, 0, 17), [254, 592, 930])
((3, 3, 3, 3, 4, 0, 0), [255, 593, 931])
((30, 13, 0, 0, 0, 0, 7), [256, 594, 932])
((10, 10, 0, 0, 0, 0, 1), [257, 595, 933])
((13, 5, 1, 0, 0, 0, 0), [258, 596, 934])
((5, 0, 0, 0, 0, 10, 11), [259, 597, 935])
((8, 8, 0, 0, 0, 0, 30), [260, 598, 936])
((4, 4, 0, 0, 0, 0, 7), [262, 600, 938])
((0, 0, 0, 0, 6, 4, 4), [263, 601, 939])
((16, 0, 0, 0, 0, 3, 12), [264, 602, 940])
((2, 2, 0, 0, 0, 0, 24), [265, 603, 941])
((12, 12, 0, 0, 0, 0, 7), [266, 604, 942])
((17, 11, 0, 0, 0, 0, 24), [267, 605, 943])
((5, 5, 5, 5, 0, 0, 20), [268, 606, 944])
((0, 0, 3, 3, 3, 3, 9), [269, 607, 945])
((8, 6, 0, 0, 0, 0, 7), [270, 608, 946])
((3, 7, 0, 0, 0, 0, 10), [271, 609, 947])
((15, 15, 0, 0, 0, 0, 3), [272, 610, 948])
((2, 0, 0, 0, 0, 5, 7), [273, 611, 949])
((2, 2, 2, 2, 0, 0, 5), [274, 612, 950])
((0, 0, 0, 0, 1, 4, 4), [275, 613, 951])
((1, 1, 1, 1, 1, 0, 1), [276, 614, 952])
((1, 0, 0, 0, 0, 10, 45), [277, 615, 953])
((0, 0, 0, 0, 5, 8, 9), [278, 616, 954])
((15, 15, 0, 0, 0, 0, 1), [279, 617, 955])
((11, 4, 1, 0, 0, 0, 0), [280, 618, 956])
((18, 1, 0, 0, 0, 0, 18), [281, 619, 957])
((13, 0, 0, 0, 0, 10, 10), [282, 620, 958])
((10, 5, 0, 0, 0, 0, 55), [283, 621, 959])
((17, 8, 0, 0, 0, 0, 9), [284, 622, 960])
((0, 0, 0, 0, 1, 12, 25), [285, 623, 961])
((5, 0, 0, 0, 0, 4, 39), [286, 624, 962])
((7, 7, 0, 0, 0, 0, 8), [287, 625, 963])
((5, 4, 0, 0, 0, 0, 14), [288, 626, 964])
((14, 0, 0, 0, 0, 1, 1), [289, 627, 965])
((0, 0, 3, 3, 3, 3, 5), [290, 628, 966])
((0, 0, 0, 0, 7, 8, 11), [291, 629, 967])
((28, 5, 1, 0, 0, 0, 0), [292, 630, 968])
((5, 0, 0, 0, 0, 8, 15), [293, 631, 969])
((6, 1, 1, 1, 1, 2, 0), [294, 632, 970])
((16, 0, 0, 0, 0, 1, 39), [296, 634, 972])
((1, 1, 1, 1, 0, 0, 2), [297, 635, 973])
((19, 7, 0, 0, 0, 0, 3), [298, 636, 974])
((22, 3, 0, 0, 0, 0, 8), [299, 637, 975])
((5, 0, 0, 0, 0, 1, 11), [300, 638, 976])
((0, 0, 4, 8, 8, 8, 8), [301, 639, 977])
((4, 0, 1, 0, 0, 0, 0), [302, 640, 978])
((0, 0, 0, 0, 5, 2, 2), [303, 641, 979])
((0, 0, 0, 0, 14, 10, 10), [304, 642, 980])
((2, 2, 2, 2, 0, 0, 8), [305, 643, 981])
((4, 0, 0, 0, 0, 1, 47), [306, 644, 982])
((1, 1, 0, 0, 0, 0, 1), [307, 645, 983])
((0, 0, 0, 0, 2, 2, 0), [309, 647, 985])
((5, 5, 0, 0, 0, 0, 11), [310, 648, 986])
((7, 0, 0, 0, 0, 2, 3), [311, 649, 987])
((29, 16, 0, 0, 0, 0, 21), [312, 650, 988])
((0, 0, 0, 0, 3, 4, 5), [313, 651, 989])
((0, 0, 4, 5, 5, 5, 5), [315, 653, 991])
((7, 7, 5, 0, 0, 0, 0), [316, 654, 992])
((0, 0, 0, 0, 8, 10, 38), [319, 657, 995])
((0, 0, 4, 4, 4, 4, 4), [320, 658, 996])
((8, 1, 0, 0, 0, 0, 11), [321, 659, 997])
((8, 8, 0, 0, 0, 0, 3), [322, 660, 998])
((0, 0, 0, 0, 3, 7, 7), [323, 661, 999])
((0, 0, 0, 0, 1, 1, 13), [324, 662])
((23, 6, 5, 0, 0, 0, 0), [325, 663])
((6, 6, 0, 1, 1, 1, 1), [326, 664])
((7, 0, 0, 0, 0, 0, 8), [327, 665])
((0, 0, 5, 5, 5, 5, 8), [328, 666])
((0, 0, 0, 0, 7, 5, 22), [329, 667])
((5, 0, 0, 0, 0, 1, 10), [330, 668])
((2, 4, 4, 0, 0, 0, 0), [331, 669])
((11, 1, 1, 0, 0, 0, 0), [332, 670])
((10, 14, 0, 0, 0, 0, 17), [334, 672])
((8, 7, 1, 0, 0, 0, 0), [335, 673])
((6, 0, 0, 0, 0, 11, 13), [336, 674])
((0, 0, 0, 0, 5, 11, 11), [337, 675])
((14, 0, 0, 0, 0, 0, 0), [338, 676])